# 25 transposonome
 974034 137
9607747 147
 664957 153
9658251 163
3803211 329
10531171 339
2323551 345
7792032 355
1417389 393
7792032 403
1297287 409
10531171 419
11359483 73
9658251 83
7786074 89
9607747 99

# 26 transposonome
 514273 137
7466093 147
 206275 153
7944759 163
5991320 329
9867093 339
3146598 345
5167097 355
 491351 393
5167097 403
 380750 409
9867093 419
14653013 73
7944759 83
12978325 89
7466093 99

# 27 transposonome
1010728 137
14144675 147
 429654 153
13980419 163
13553191 329
15772956 339
5372695 345
10316327 355
1003662 393
10316327 403
 792149 409
15772956 419
32047628 73
13980419 83
23391689 89
14144675 99

# 28 transposonome
 548283 137
7114234 147
 194733 153
7514017 163
6623879 329
8892922 339
3176914 345
4818449 355
 480821 393
4818449 403
 354034 409
8892922 419
14875549 73
7514017 83
13098298 89
7114234 99

# 29 transposonome
1080784 137
15444919 147
 441662 153
15411502 163
15024358 329
16335045 339
6153717 345
11228076 355
1044315 393
11228076 403
 816410 409
16335045 419
34796562 73
15411502 83
25640029 89
15444919 99

# 30 transposonome
 837580 137
8880093 147
 516744 153
9453624 163
3812784 329
11481954 339
3192367 345
6787413 355
1124304 393
6787413 403
1011066 409
11481954 419
13009843 73
9453624 83
9272077 89
8880093 99